<?xml version="1.0"?>
<opencv_storage>
<classifications type_id="opencv-matrix">
  <rows>38</rows>
  <cols>1</cols>
  <dt>i</dt>
  <data>
    57 57 56 55 54 54 53 52 51 50 49 48 89 88 90 87 86 85 84 83 82 81 80
    79 78 77 76 75 74 73 72 71 70 69 68 67 66 65</data></classifications>
</opencv_storage>
