<?xml version="1.0"?>
<opencv_storage>
<images type_id="opencv-matrix">
  <rows>38</rows>
  <cols>600</cols>
  <dt>f</dt>
  <data>
    0. 0. 0. 0. 0. 21. 38. 38. 222. 255. 255. 222. 38. 38. 21. 0. 0. 0.
    0. 0. 0. 0. 0. 40. 115. 192. 255. 255. 255. 255. 255. 255. 255. 255.
    192. 115. 40. 0. 0. 0. 0. 0. 48. 214. 255. 255. 255. 255. 255. 255.
    255. 255. 255. 255. 255. 255. 214. 48. 0. 0. 1. 49. 255. 255. 255.
    255. 255. 255. 255. 255. 255. 255. 255. 255. 255. 255. 255. 255. 49.
    1. 13. 255. 255. 255. 255. 255. 255. 188. 166. 166. 166. 166. 188.
    255. 255. 255. 255. 255. 255. 13. 13. 255. 255. 255. 255. 255. 147.
    22. 0. 0. 0. 0. 22. 147. 255. 255. 255. 255. 255. 13. 13. 255. 255.
    255. 255. 122. 4. 0. 0. 0. 0. 0. 0. 4. 122. 255. 255. 255. 255. 243.
    255. 255. 255. 255. 255. 115. 0. 0. 0. 0. 0. 0. 0. 0. 115. 255. 255.
    255. 255. 255. 255. 255. 255. 255. 255. 115. 0. 0. 0. 0. 0. 0. 0. 0.
    115. 255. 255. 255. 255. 255. 255. 255. 255. 255. 255. 115. 0. 0. 0.
    0. 0. 0. 0. 0. 115. 255. 255. 255. 255. 255. 255. 255. 255. 255.
    255. 115. 0. 0. 0. 0. 0. 0. 0. 0. 115. 255. 255. 255. 255. 255. 255.
    255. 255. 255. 255. 115. 0. 0. 0. 0. 0. 0. 0. 0. 115. 255. 255. 255.
    255. 255. 255. 255. 255. 255. 255. 115. 0. 0. 0. 0. 0. 0. 0. 0. 115.
    255. 255. 255. 255. 255. 255. 255. 255. 255. 255. 122. 4. 0. 0. 0.
    0. 0. 0. 0. 115. 255. 255. 255. 255. 255. 170. 255. 255. 255. 255.
    255. 89. 0. 0. 0. 0. 0. 0. 31. 164. 255. 255. 255. 255. 255. 13.
    255. 255. 255. 255. 255. 197. 166. 25. 0. 0. 25. 166. 197. 255. 255.
    255. 255. 255. 255. 13. 255. 255. 255. 255. 255. 255. 255. 244. 242.
    242. 244. 255. 255. 255. 255. 255. 255. 255. 255. 0. 29. 207. 255.
    255. 255. 255. 255. 255. 255. 255. 255. 255. 255. 255. 255. 255.
    255. 255. 255. 0. 0. 29. 164. 255. 255. 255. 255. 255. 255. 255.
    255. 255. 206. 178. 255. 255. 255. 255. 255. 0. 0. 0. 13. 38. 38.
    179. 255. 255. 255. 244. 38. 38. 25. 17. 157. 255. 255. 255. 255. 0.
    0. 0. 0. 0. 0. 0. 0. 0. 0. 0. 0. 0. 0. 0. 140. 255. 255. 255. 255.
    0. 0. 0. 0. 0. 0. 0. 0. 0. 0. 0. 0. 0. 0. 52. 192. 255. 255. 255.
    255. 0. 0. 0. 0. 0. 0. 0. 0. 0. 0. 0. 0. 0. 0. 115. 255. 255. 255.
    255. 255. 255. 255. 255. 255. 255. 122. 4. 0. 0. 0. 0. 0. 0. 0. 115.
    255. 255. 255. 255. 255. 255. 255. 255. 255. 255. 255. 147. 22. 0.
    0. 0. 0. 0. 31. 164. 255. 255. 255. 255. 170. 98. 255. 255. 255.
    255. 255. 255. 188. 25. 0. 0. 25. 166. 197. 255. 255. 255. 255. 255.
    13. 13. 255. 255. 255. 255. 255. 255. 255. 244. 242. 242. 244. 255.
    255. 255. 255. 255. 255. 49. 1. 0. 29. 207. 255. 255. 255. 255. 255.
    255. 255. 255. 255. 255. 255. 255. 255. 255. 207. 29. 0. 0. 0. 29.
    164. 255. 255. 255. 255. 255. 255. 255. 255. 255. 255. 255. 255.
    164. 29. 0. 0. 0. 0. 0. 13. 38. 157. 255. 255. 255. 255. 255. 255.
    255. 255. 157. 38. 13. 0. 0. 0. 0. 0. 0. 0. 0. 23. 42. 42. 223. 255.
    255. 255. 202. 42. 23. 0. 0. 0. 0. 0. 0. 0. 0. 45. 128. 198. 255.
    255. 255. 255. 255. 255. 255. 255. 198. 128. 45. 0. 0. 0. 0. 0. 53.
    227. 255. 255. 255. 255. 255. 255. 255. 255. 255. 255. 255. 255.
    227. 53. 0. 0. 0. 38. 255. 255. 255. 255. 255. 255. 255. 255. 255.
    255. 255. 255. 255. 255. 255. 255. 38. 0. 6. 147. 255. 255. 255.
    255. 255. 159. 128. 128. 128. 128. 159. 255. 255. 255. 255. 255.
    147. 6. 13. 255. 255. 255. 255. 255. 117. 11. 0. 0. 0. 0. 11. 117.
    255. 255. 255. 255. 255. 13. 53. 255. 255. 255. 255. 232. 74. 0. 0.
    0. 0. 0. 0. 0. 115. 255. 255. 255. 255. 255. 255. 255. 255. 255.
    255. 115. 0. 0. 0. 0. 0. 0. 0. 0. 115. 255. 255. 255. 255. 255. 255.
    255. 255. 255. 255. 115. 0. 0. 0. 0. 0. 0. 0. 0. 19. 159. 255. 255.
    255. 255. 255. 255. 255. 255. 255. 115. 0. 0. 0. 0. 0. 0. 0. 0. 19.
    159. 255. 255. 255. 255. 255. 255. 255. 255. 255. 115. 0. 0. 0. 0.
    0. 0. 0. 0. 115. 255. 255. 255. 255. 255. 255. 255. 255. 255. 255.
    115. 0. 0. 0. 0. 0. 0. 0. 0. 115. 255. 255. 255. 255. 255. 13. 255.
    255. 255. 255. 255. 117. 11. 0. 0. 0. 0. 11. 117. 255. 255. 255.
    255. 255. 13. 13. 255. 255. 255. 255. 255. 255. 159. 128. 128. 128.
    128. 159. 255. 255. 255. 255. 255. 255. 13. 2. 74. 255. 255. 255.
    255. 255. 255. 255. 255. 255. 255. 255. 255. 255. 255. 255. 255. 74.
    2. 0. 32. 223. 255. 255. 255. 255. 255. 255. 255. 255. 255. 255.
    255. 255. 255. 255. 223. 32. 0. 0. 0. 32. 128. 185. 255. 255. 255.
    255. 255. 255. 255. 255. 255. 255. 255. 255. 64. 0. 0. 0. 0. 0. 0.
    19. 42. 42. 42. 42. 42. 53. 255. 255. 255. 255. 255. 117. 11. 0. 0.
    0. 0. 0. 0. 0. 0. 0. 0. 0. 0. 53. 255. 255. 255. 255. 232. 74. 0. 0.
    0. 0. 0. 0. 0. 0. 0. 0. 0. 0. 0. 255. 255. 255. 255. 255. 115. 0. 0.
    0. 0. 0. 0. 0. 0. 0. 0. 0. 0. 0. 202. 255. 255. 255. 255. 159. 19.
    0. 0. 0. 0. 0. 0. 0. 0. 0. 0. 0. 0. 217. 255. 255. 255. 255. 240.
    117. 0. 0. 0. 0. 0. 0. 0. 0. 0. 0. 0. 0. 96. 236. 255. 255. 255.
    255. 166. 0. 0. 0. 0. 0. 0. 0. 0. 0. 0. 0. 0. 0. 191. 255. 255. 255.
    255. 202. 28. 0. 0. 0. 0. 0. 0. 0. 0. 0. 0. 0. 0. 166. 255. 255.
    255. 255. 249. 159. 0. 0. 0. 0. 0. 0. 0. 0. 0. 0. 0. 0. 70. 210.
    255. 255. 255. 255. 217. 0. 0. 0. 0. 0. 0. 0. 0. 0. 0. 0. 0. 96.
    236. 255. 255. 255. 255. 244. 36. 0. 0. 0. 0. 0. 0. 0. 0. 0. 0. 0.
    15. 138. 255. 255. 255. 255. 255. 242. 0. 0. 0. 0. 0. 0. 0. 0. 0. 0.
    0. 0. 89. 255. 255. 255. 255. 255. 255. 121. 0. 0. 0. 0. 0. 0. 0. 0.
    0. 0. 0. 0. 15. 138. 138. 42. 42. 42. 42. 0. 0. 0. 0. 0. 0. 0. 0. 0.
    0. 0. 0. 0. 0. 0. 4. 38. 38. 190. 255. 255. 255. 146. 38. 4. 0. 0.
    0. 0. 0. 0. 0. 0. 0. 103. 129. 255. 255. 255. 255. 255. 255. 255.
    255. 129. 103. 0. 0. 0. 0. 0. 0. 0. 134. 249. 255. 255. 255. 255.
    255. 255. 255. 255. 255. 255. 249. 134. 0. 0. 0. 0. 0. 127. 255.
    255. 255. 255. 255. 255. 255. 255. 255. 255. 255. 255. 255. 255.
    134. 4. 0. 0. 27. 172. 255. 255. 255. 255. 210. 166. 166. 166. 166.
    210. 255. 255. 255. 255. 255. 76. 0. 0. 76. 255. 255. 255. 255. 205.
    45. 0. 0. 0. 0. 45. 205. 255. 255. 255. 255. 76. 0. 0. 76. 255. 255.
    255. 231. 9. 0. 0. 0. 0. 0. 0. 9. 231. 255. 255. 255. 246. 24. 25.
    255. 255. 255. 255. 229. 0. 0. 0. 0. 0. 0. 0. 0. 172. 255. 255. 255.
    255. 25. 25. 255. 255. 255. 255. 229. 0. 0. 0. 0. 0. 0. 0. 0. 0.
    255. 255. 255. 255. 25. 25. 255. 255. 255. 255. 229. 0. 0. 0. 0. 0.
    0. 0. 0. 0. 255. 255. 255. 255. 25. 25. 255. 255. 255. 255. 229. 0.
    0. 0. 0. 0. 0. 0. 0. 229. 255. 255. 255. 255. 25. 14. 174. 255. 255.
    255. 241. 80. 0. 0. 0. 0. 0. 0. 80. 241. 255. 255. 255. 174. 14. 0.
    19. 159. 255. 255. 255. 236. 191. 57. 0. 0. 57. 191. 236. 255. 255.
    255. 255. 76. 0. 0. 0. 0. 170. 254. 255. 255. 255. 255. 255. 255.
    255. 255. 255. 255. 255. 251. 121. 0. 0. 0. 0. 0. 0. 229. 255. 255.
    255. 255. 255. 255. 255. 255. 255. 255. 255. 179. 0. 0. 0. 0. 0. 0.
    116. 246. 255. 255. 255. 255. 255. 255. 255. 255. 255. 255. 255.
    228. 83. 0. 0. 0. 0. 121. 251. 255. 255. 255. 255. 255. 255. 255.
    255. 255. 255. 255. 255. 255. 249. 73. 0. 6. 121. 255. 255. 255.
    255. 236. 96. 0. 0. 0. 0. 96. 191. 249. 255. 255. 255. 255. 25. 25.
    255. 255. 255. 255. 241. 80. 0. 0. 0. 0. 0. 0. 0. 229. 255. 255.
    255. 255. 151. 25. 255. 255. 255. 255. 34. 0. 0. 0. 0. 0. 0. 0. 0.
    34. 255. 255. 255. 255. 255. 255. 255. 255. 255. 255. 0. 0. 0. 0. 0.
    0. 0. 0. 0. 0. 255. 255. 255. 255. 255. 255. 255. 255. 255. 255. 0.
    0. 0. 0. 0. 0. 0. 0. 0. 0. 255. 255. 255. 255. 255. 255. 255. 255.
    255. 255. 0. 0. 0. 0. 0. 0. 0. 0. 0. 0. 255. 255. 255. 255. 255. 26.
    255. 255. 255. 255. 229. 0. 0. 0. 0. 0. 0. 0. 0. 11. 255. 255. 255.
    255. 244. 25. 255. 255. 255. 255. 238. 63. 0. 0. 0. 0. 0. 0. 63.
    238. 255. 255. 255. 255. 25. 9. 139. 255. 255. 255. 255. 228. 166.
    50. 0. 0. 50. 166. 228. 255. 255. 255. 255. 255. 25. 0. 76. 255.
